!-----------------
  \START
!-----------------
  \INPUT
!-----------------      
        \GLOBAL
   	  PROJECT:  PATCH_TEST2_MFS
	  NUMNP:          16 
	  NMAT:            1
	  NBGROUP:         1
	  NEGROUP:         1
	  NITP_IN:         8
          NIDIV_IN:        8
	  DYNAMIC:         0
!
          CONTACT:         0 
          NSPAIR:          0
	\END
	\NODE  !N  ID(3,N)   X    Y    Z   NDOF(3,N)  KN
		1   0 0 1    0    0    0   2  3  0    0
                2   0 0 1    2    0    0   3  3  0    0
		3   0 0 1    4    0    0   3  3  0    0
		4   0 0 1    6    0    0   3  3  0    0
		5   0 0 1    0    2    0   2  3  0    0
		6   0 0 1    2    2    0   1  1  0    0
		7   0 0 1    4    2    0   1  1  0    0
		8   0 0 1    6    2    0   3  3  0    0
		9   0 0 1    0    4    0   2  3  0    0
	       10   0 0 1    2    4    0   1  1  0    0
	       11   0 0 1    4    4    0   1  1  0    0
	       12   0 0 1    6    4    0   3  3  0    0
	       13   0 0 1    0    6    0   2  2  0    0
	       14   0 0 1    2    6    0   3  3  0    0
	       15   0 0 1    4    6    0   3  3  0    0
	       16   0 0 1    6    6    0   3  3  0    0
		0   0 0 0    0    0    0   0  0  0    0 
 	\MATERIAL !SET    E    PR   DENSITY  THIC
	            1   2e5   0.3     1560    1
		    0     0     0        0    0
	\ELEMENT
	\QUADS_MFS
	 ITYPE: 1  MTYPE: 1  NUMELE: 16  ELEASS: 9
	\END    !N  NODE  IND(2,N) RAD(2,N) RADIUS  KN 
		 1   1     1    2   0   0     2  2  1   0
	 	 2   2     2    2   0   0     2  2  1   0
		 3   3     2    2   0   0     2  2  1   0
		 4   4     2    2   0   0     2  2  1   0
		 5   5     1    2   0   0     2  2  1   0
		 6   6     0    0   0   0     2  2  4   0
		 7   7     0    0   0   0     2  2  4   0
		 8   8     2    2   0   0     2  2  1   0
		 9   9     1    2   0   0     2  2  1   0
		 10  10    0    0   0   0     2  2  4   0
		 11  11    0    0   0   0     2  2  4   0
		 12  12    2    2   0   0     2  2  1   0
		 13  13    1    1   0   0     2  2  1   0
		 14  14    2    2   0   0     2  2  1   0
		 15  15    2    2   0   0     2  2  1   0
		 16  16    2    2   0   0     2  2  1   0
		 0   0     0    0   0   0     0  0  0   0
        \BOUNDARY
        \LINE 
         NUMBC: 12
        \END ! N  ELE1 ELE2  IND(2,N) FLOAD(2,N) FUNC(2,N)  KN
 	       1   1    2     2  2     0 -0.2      1   1     0
	       2   2    3     2  2     0 -0.2      1   1     0
               3   3    4     2  2     0 -0.2      1   1     0
	       4   4    8     2  2   0.2    0      1   1     0
	       5   8   12     2  2   0.2    0      1   1     0
	       6  12   16     2  2   0.2    0      1   1     0
	       7  16   15     2  2     0  0.2      1   1     0
	       8  15   14     2  2     0  0.2      1   1     0
	       9  14   13     2  2     0  0.2      1   1     0
	      10  13    9     2  2  -0.2    0      1   1     0
	      11   9    5     2  2  -0.2    0      1   1     0
	      12   5    1     2  2  -0.2    0      1   1     0
               0   0    0     0  0     0    0      0   0     0	  
\END{INPUT}
!-----------------
  \GENERATE
!-----------------
  \STATIC_SOLVER
!-----------------
  \END 
!-----------------
 

