!-----------------
  \START
!-----------------
  \INPUT
!-----------------      
        \GLOBAL
   	  PROJECT: PATCH_TEST_1
	  NUMNP:          49
	  NLOAD:           7
	  NMAT:            1
	  NEGROUP:         1
	  DYNAMIC:         0
	\END
	\NODE  !N  ID(3,N)   X    Y    Z  NDOF(3,N) KN
		1   1 1 1    0    0    0  0  0  0   0
		2   0 0 1    1    0    0  0  0  0   1
		7   0 0 1    6    0    0  0  0  0   0
		8   0 0 1    6    1    0  0  0  0   1
	       13   0 0 1    1    1    0  0  0  0   0
	       14   1 1 1    0    1    0  0  0  0   0
	       15   1 1 1    0    2    0  0  0  0   0
	       16   0 0 1    1    2    0  0  0  0   1
	       21   0 0 1    6    2    0  0  0  0   0
	       22   0 0 1    6    3    0  0  0  0   1
	       27   0 0 1    1    3    0  0  0  0   0
	       28   1 1 1    0    3    0  0  0  0   0
	       29   1 1 1    0    4    0  0  0  0   0
	       30   0 0 1    1    4    0  0  0  0   1
	       35   0 0 1    6    4    0  0  0  0   0
	       36   0 0 1    6    5    0  0  0  0   1
	       41   0 0 1    1    5    0  0  0  0   0
	       42   1 1 1    0    5    0  0  0  0   0
	       43   1 1 1    0    6    0  0  0  0   0
	       44   0 0 1    1    6    0  0  0  0   1
	       49   0 0 1    6    6    0  0  0  0   0		   		
                0   0 0 0    0    0    0  0  0  0   0
	\LOAD  !N IDIRN FLOAD  NFUNC
		43  2  -0.5     1
		44  2   -1      1
		45  2   -1      1
		46  2   -1      1
		47  2   -1      1
		48  2   -1      1
		49  2  -0.5     1
	        0   0    0      0
 	\MATERIAL !SET    E    PR    DENSITY  PAR1 
	            1   2E5   0.3     1560      0     
		    0     0     0        0      0    
!       \INITIAL  !N  UX UY UZ  VX VY VZ KN *******

	\ELEMENT
        \QUADS 
         ITYPE:  1 MTYPE: 1  NUMELE: 36  NINTG: 2 
	\END    !N NODE1  NODE2  NODE3  NODE4 THIC
                 1   1      2      13    14     1                 
		 2   2      3      12    13     1
		 3   3      4      11    12     1
		 4   4      5      10    11     1
		 5   5      6       9    10     1
		 6   6      7       8     9     1
		 7   9      8      21    20     1
		 8   10     9      20    19     1
		 9   11    10      19    18     1
		10   12    11      18    17     1
		11   13    12      17    16     1
		12   14    13      16    15     1
		13   15    16      27    28     1
		14   16    17      26    27     1
		15   17    18      25    26     1
		16   18    19      24    25     1
		17   19    20      23    24     1
		18   20    21      22    23     1
		19   23    22      35    34     1
		20   24    23      34    33     1
		21   25    24      33    32     1
		22   26    25      32    31     1
		23   27    26      31    30     1
		24   28    27      30    29     1
		25   34    35      36    37     1
		26   33    34      37    38     1
		27   32    33      38    39     1
                28   31    32      39    40     1
		29   30    31      40    41     1
		30   29    30      41    42     1
                31   42    41      44    43     1
		32   41    40      45    44     1
		33   40    39      46    45     1
		34   39    38      47    46     1
		35   38    37      48    47     1
		36   37    36      49    48     1 
                 0   0      0      0      0     0
	\END{INPUT}
!-----------------
   \GENERATE
!-----------------
   \STATIC_SOLVER
!-----------------
!  \DYNAMIC_SOLVER
!-----------------
!   \NEWMARK
!   \TSTART: 0 
!   \TEND:   0.01
!   \DTIME:  2E-3
!-----------------
  \END 
!-----------------
 

